10321947
1096777729
11075597
1148878857
1226244097
145096705
1474695
19496968
200245252
2172321793
223707168
2280554497
2300215297
23101452
2325839873
2377908225
2381348868
2385838088
2400354310
2400845825
2404122625
2404253698
2407104513
2409431041
2418868225
2420998158
2440986629
2455273550
2458615809
27688965
2822307843
2830237699
2841903108
2863628294
2987524099
2991718403
2992078853
3000500225
3007315969
3008233473
3013279749
3097395211
3098738706
3271983109
3327426562
3407953
3407960
50987028
5144627
514588675
518717457
521437189
524058626
53608506
60325928
61079553
679379143
7176194
762740742
775389187
779878634
868745294
9437238
_attlist.txt
